00
00
00
00
8c
00
00
00
00
01
10
20
00
01
18
21
00
01
20
22
00
01
28
23
00
01
30
24
00
01
38
25
00
01
40
26
00
01
48
27
00
01
50
2a
00
01
58
2b
00
00
61
00
00
00
69
02
00
00
71
03
00
20
78
04
00
20
80
06
00
20
88
07
20
12
91
42
24
13
91
42
30
14
91
42
34
15
91
42
38
16
91
42
3c
17
91
42
af
f7
00
00
10
00
00
01
00
00
00
00
14
01
00
01
00
00
00
00
28
18
91
42
2c
19
91
42
01
60
00
08
00
00
00
00
00
00
00
00
00
00
00
00
00
00
00
00
00
00
00
00
00
00
00
00
00
00
00
00
00
00
00
00
00
00
00
00
00
00
00
00
00
00
00
00
00
00
00
00
00
00
00
00
00
00
00
00
00
00
00
00
00
00
00
00
00
00
00
00
00
00
00
00
00
00
00
00
00
00
00
00
00
00
00
00
00
00
00
00
00
00
00
00
00
00
00
00
00
00
00
00
00
00
00
00
00
00
00
00
00
00
00
00
00
00
00
00
00
00
00
00
00
00
00
00
00
00
00
00